2  1.1509748e+03
3  5.4197709e+02
4  3.0647179e+02
5  1.9474523e+02
6  1.3421482e+02
7  9.8185990e+01
8  7.5123334e+01
9  5.9528294e+01
10  4.8506191e+01
11  4.0409450e+01
12  3.4324719e+01
13  2.9597255e+01
14  2.5831072e+01
15  2.2793825e+01
16  2.0321946e+01
17  1.8284891e+01
18  1.6570891e+01
19  1.5128422e+01
20  1.3879856e+01
21  1.2795666e+01
22  1.1851751e+01
23  1.1022437e+01
24  1.0290391e+01
25  9.6404362e+00
26  9.0587063e+00
27  8.5379845e+00
28  8.0690956e+00
29  7.6452643e+00
30  7.2601193e+00
31  6.9077035e+00
32  6.5866346e+00
33  6.2932653e+00
34  6.0234099e+00
35  5.7735492e+00
36  5.5425997e+00
37  5.3277479e+00
38  5.1291482e+00
39  4.9451891e+00
40  4.7733052e+00
41  4.6127775e+00
42  4.4618965e+00
43  4.3201880e+00
44  4.1868862e+00
45  4.0616088e+00
46  3.9442827e+00
47  3.8331330e+00
48  3.7282370e+00
49  3.6288601e+00
50  3.5350925e+00
51  3.4465119e+00
52  3.3627352e+00
53  3.2827558e+00
54  3.2063285e+00
55  3.1334327e+00
56  3.0642339e+00
57  2.9984820e+00
58  2.9359478e+00
59  2.8762434e+00
60  2.8190215e+00
61  2.7648009e+00
62  2.7122577e+00
63  2.6619388e+00
64  2.6140165e+00
65  2.5677577e+00
66  2.5235045e+00
67  2.4810032e+00
68  2.4405595e+00
69  2.4015297e+00
70  2.3640959e+00
71  2.3279251e+00
72  2.2931953e+00
73  2.2595972e+00
74  2.2270779e+00
75  2.1960284e+00
76  2.1660455e+00
77  2.1371827e+00
78  2.1094862e+00
79  2.0826970e+00
80  2.0568705e+00
81  2.0317714e+00
82  2.0076466e+00
83  1.9841780e+00
84  1.9615154e+00
85  1.9394500e+00
86  1.9180427e+00
87  1.8975121e+00
88  1.8773343e+00
89  1.8578932e+00
90  1.8390784e+00
91  1.8206377e+00
92  1.8028541e+00
93  1.7856264e+00
94  1.7687202e+00
95  1.7524024e+00
96  1.7363102e+00
97  1.7208366e+00
98  1.7057598e+00
99  1.6910019e+00
100  1.6766773e+00
101  1.6626472e+00
102  1.6492016e+00
103  1.6359040e+00
104  1.6229836e+00
105  1.6103132e+00
106  1.5979411e+00
107  1.5857485e+00
108  1.5739454e+00
109  1.5623594e+00
110  1.5509845e+00
111  1.5398656e+00
112  1.5289448e+00
113  1.5183145e+00
114  1.5078207e+00
115  1.4976024e+00
116  1.4875113e+00
117  1.4776818e+00
118  1.4680603e+00
119  1.4585086e+00
120  1.4492002e+00
121  1.4399569e+00
122  1.4308629e+00
123  1.4219147e+00
124  1.4130681e+00
125  1.4043617e+00
126  1.3957530e+00
127  1.3872791e+00
128  1.3788608e+00
129  1.3705737e+00
130  1.3623776e+00
131  1.3542350e+00
132  1.3462537e+00
133  1.3382882e+00
134  1.3304445e+00
135  1.3226858e+00
136  1.3149433e+00
137  1.3072854e+00
138  1.2996780e+00
139  1.2920889e+00
140  1.2846154e+00
141  1.2771605e+00
142  1.2697567e+00
143  1.2624345e+00
144  1.2551325e+00
145  1.2478519e+00
146  1.2406817e+00
147  1.2334751e+00
148  1.2263209e+00
149  1.2192472e+00
150  1.2121416e+00
151  1.2050893e+00
152  1.1980361e+00
153  1.1910372e+00
154  1.1840396e+00
155  1.1770968e+00
156  1.1701060e+00
157  1.1631973e+00
158  1.1562942e+00
159  1.1493981e+00
160  1.1425348e+00
161  1.1357047e+00
162  1.1288604e+00
163  1.1220746e+00
164  1.1152770e+00
165  1.1084924e+00
166  1.1017446e+00
167  1.0950336e+00
168  1.0882932e+00
169  1.0815695e+00
170  1.0748635e+00
171  1.0681330e+00
172  1.0614225e+00
173  1.0546910e+00
174  1.0479610e+00
175  1.0412544e+00
176  1.0345311e+00
177  1.0277932e+00
178  1.0210620e+00
179  1.0143191e+00
180  1.0076239e+00
181  1.0008808e+00
182  9.9416797e-01
183  9.8742967e-01
184  9.8070481e-01
185  9.7397589e-01
186  9.6719000e-01
187  9.6047520e-01
188  9.5374198e-01
189  9.4699203e-01
190  9.4029625e-01
191  9.3355126e-01
192  9.2681053e-01
193  9.2007501e-01
194  9.1336222e-01
195  9.0663964e-01
196  8.9989234e-01
197  8.9317043e-01
198  8.8645823e-01
199  8.7975645e-01
200  8.7305016e-01
201  8.6634048e-01
202  8.5964382e-01
203  8.5294559e-01
204  8.4623178e-01
205  8.3953354e-01
206  8.3282191e-01
207  8.2612738e-01
208  8.1942148e-01
209  8.1270547e-01
210  8.0599470e-01
211  7.9928994e-01
212  7.9257799e-01
213  7.8588751e-01
214  7.7917780e-01
215  7.7249084e-01
216  7.6580007e-01
217  7.5911972e-01
218  7.5245033e-01
219  7.4577941e-01
220  7.3913366e-01
221  7.3250041e-01
222  7.2586744e-01
223  7.1923554e-01
224  7.1263040e-01
225  7.0603974e-01
226  6.9945170e-01
227  6.9287912e-01
228  6.8632235e-01
229  6.7979365e-01
230  6.7325756e-01
231  6.6673844e-01
232  6.6023659e-01
233  6.5376381e-01
234  6.4727435e-01
235  6.4082599e-01
236  6.3437345e-01
237  6.2795094e-01
238  6.2153629e-01
239  6.1515188e-01
240  6.0877591e-01
241  6.0241959e-01
242  5.9609378e-01
243  5.8978776e-01
244  5.8349119e-01
245  5.7722530e-01
246  5.7097963e-01
247  5.6476457e-01
248  5.5855963e-01
249  5.5240554e-01
250  5.4625162e-01
251  5.4014811e-01
252  5.3404513e-01
253  5.2800189e-01
254  5.2196905e-01
255  5.1596617e-01
256  5.0999310e-01
257  5.0405917e-01
258  4.9814521e-01
259  4.9226993e-01
260  4.8643298e-01
261  4.8061562e-01
262  4.7482702e-01
263  4.6910324e-01
264  4.6339839e-01
265  4.5771253e-01
266  4.5207227e-01
267  4.4645950e-01
268  4.4088278e-01
269  4.3532448e-01
270  4.2981899e-01
271  4.2434856e-01
272  4.1892979e-01
273  4.1352838e-01
274  4.0817773e-01
275  4.0286062e-01
276  3.9759318e-01
277  3.9235027e-01
278  3.8715607e-01
279  3.8199386e-01
280  3.7687932e-01
281  3.7181182e-01
282  3.6676714e-01
283  3.6177645e-01
284  3.5683121e-01
285  3.5192313e-01
286  3.4705945e-01
287  3.4223200e-01
288  3.3744794e-01
289  3.3270669e-01
290  3.2801518e-01
291  3.2336532e-01
292  3.1874189e-01
293  3.1418115e-01
294  3.0965316e-01
295  3.0517917e-01
296  3.0074410e-01
297  2.9635456e-01
298  2.9199584e-01
299  2.8769564e-01
300  2.8343219e-01
301  2.7921198e-01
302  2.7504814e-01
303  2.7091939e-01
304  2.6683886e-01
305  2.6280586e-01
306  2.5881303e-01
307  2.5485986e-01
308  2.5095902e-01
309  2.4710976e-01
310  2.4329828e-01
311  2.3953705e-01
312  2.3581890e-01
313  2.3214325e-01
314  2.2851585e-01
315  2.2493601e-01
316  2.2140306e-01
317  2.1791009e-01
318  2.1446274e-01
319  2.1106037e-01
320  2.0770845e-01
321  2.0440017e-01
322  2.0113491e-01
323  1.9791806e-01
324  1.9474294e-01
325  1.9162084e-01
326  1.8853328e-01
327  1.8549737e-01
328  1.8250070e-01
329  1.7955430e-01
330  1.7664592e-01
331  1.7379218e-01
332  1.7097520e-01
333  1.6820014e-01
334  1.6547200e-01
335  1.6278451e-01
336  1.6014265e-01
337  1.5754023e-01
338  1.5498217e-01
339  1.5247327e-01
340  1.5000197e-01
341  1.4756774e-01
342  1.4518076e-01
343  1.4284033e-01
344  1.4053518e-01
345  1.3827008e-01
346  1.3604968e-01
347  1.3386812e-01
348  1.3173002e-01
349  1.2962960e-01
350  1.2756631e-01
351  1.2555488e-01
352  1.2356924e-01
353  1.2162918e-01
354  1.1971900e-01
355  1.1785820e-01
356  1.1603119e-01
357  1.1424241e-01
358  1.1249132e-01
359  1.1077250e-01
360  1.0909517e-01
361  1.0745390e-01
362  1.0584819e-01
363  1.0427752e-01
364  1.0274611e-01
365  1.0124399e-01
366  9.9780100e-02
367  9.8353883e-02
368  9.6950911e-02
369  9.5589279e-02
370  9.4263800e-02
371  9.2964847e-02
372  9.1696577e-02
373  9.0463059e-02
374  8.9263791e-02
375  8.8093823e-02
376  8.6952739e-02
377  8.5848947e-02
378  8.4768749e-02
379  8.3716180e-02
380  8.2699530e-02
381  8.1709643e-02
382  8.0741847e-02
383  7.9808655e-02
384  7.8905315e-02
385  7.8022947e-02
386  7.7173879e-02
387  7.6345078e-02
388  7.5544592e-02
389  7.4767876e-02
390  7.4018717e-02
391  7.3292624e-02
392  7.2593353e-02
393  7.1916465e-02
394  7.1265686e-02
395  7.0632611e-02
396  7.0024992e-02
397  6.9438491e-02
398  6.8876771e-02
399  6.8331609e-02
400  6.7810612e-02
401  6.7309541e-02
402  6.6828121e-02
403  6.6369936e-02
404  6.5926980e-02
405  6.5506687e-02
406  6.5101134e-02
407  6.4713903e-02
408  6.4348505e-02
409  6.3997141e-02
410  6.3663347e-02
411  6.3350591e-02
412  6.3047501e-02
413  6.2764972e-02
414  6.2491747e-02
415  6.2238619e-02
416  6.1998065e-02
417  6.1769912e-02
418  6.1557580e-02
419  6.1360849e-02
420  6.1172399e-02
421  6.1002726e-02
422  6.0844533e-02
423  6.0694158e-02
424  6.0554983e-02
425  6.0426856e-02
426  6.0313080e-02
427  6.0206582e-02
428  6.0110686e-02
429  6.0025248e-02
430  5.9950125e-02
431  5.9885176e-02
432  5.9823545e-02
433  5.9775219e-02
434  5.9730032e-02
435  5.9694567e-02
436  5.9668693e-02
437  5.9648998e-02
438  5.9635396e-02
439  5.9631059e-02
440  5.9629384e-02
441  5.9636784e-02
442  5.9643507e-02
443  5.9662341e-02
444  5.9683582e-02
445  5.9707198e-02
446  5.9736306e-02
447  5.9767696e-02
448  5.9804459e-02
449  5.9843414e-02
450  5.9890722e-02
451  5.9937024e-02
452  5.9985400e-02
453  6.0038878e-02
454  6.0091305e-02
455  6.0145722e-02
456  6.0205115e-02
457  6.0263416e-02
458  6.0323624e-02
459  6.0385714e-02
460  6.0449659e-02
461  6.0512483e-02
462  6.0574200e-02
463  6.0637745e-02
464  6.0697271e-02
465  6.0758625e-02
466  6.0818896e-02
467  6.0883846e-02
468  6.0941962e-02
469  6.1001882e-02
470  6.1060742e-02
471  6.1112903e-02
472  6.1169703e-02
473  6.1219875e-02
474  6.1271871e-02
475  6.1322888e-02
476  6.1370171e-02
477  6.1411009e-02
478  6.1453714e-02
479  6.1492796e-02
480  6.1528299e-02
481  6.1562977e-02
482  6.1594141e-02
483  6.1621832e-02
484  6.1643417e-02
485  6.1664302e-02
486  6.1681839e-02
487  6.1696070e-02
488  6.1704402e-02
489  6.1709528e-02
490  6.1714100e-02
491  6.1707719e-02
492  6.1703472e-02
493  6.1693593e-02
494  6.1680719e-02
495  6.1659770e-02
496  6.1635939e-02
497  6.1606725e-02
498  6.1574720e-02
499  6.1539960e-02
500  6.1499968e-02
501  6.1452311e-02
502  6.1404546e-02
503  6.1349240e-02
504  6.1286484e-02
505  6.1226202e-02
506  6.1156121e-02
507  6.1083678e-02
508  6.1004040e-02
509  6.0919716e-02
510  6.0830762e-02
511  6.0737234e-02
512  6.0639188e-02
513  6.0536678e-02
514  6.0429759e-02
515  6.0318484e-02
516  6.0200552e-02
517  6.0078387e-02
518  5.9949705e-02
519  5.9821568e-02
520  5.9684694e-02
521  5.9541499e-02
522  5.9396660e-02
523  5.9245615e-02
524  5.9090720e-02
525  5.8929748e-02
526  5.8765039e-02
527  5.8598895e-02
528  5.8426839e-02
529  5.8248940e-02
530  5.8065268e-02
531  5.7882565e-02
532  5.7691959e-02
533  5.7495753e-02
534  5.7296210e-02
535  5.7093374e-02
536  5.6885102e-02
537  5.6675808e-02
538  5.6461174e-02
539  5.6241265e-02
540  5.6020445e-02
541  5.5792299e-02
542  5.5563319e-02
543  5.5329263e-02
544  5.5092312e-02
545  5.4852501e-02
546  5.4607764e-02
547  5.4360256e-02
548  5.4110010e-02
549  5.3857063e-02
550  5.3601449e-02
551  5.3343200e-02
552  5.3080294e-02
553  5.2814836e-02
554  5.2548902e-02
555  5.2278431e-02
556  5.2003476e-02
557  5.1728134e-02
558  5.1450401e-02
559  5.1170306e-02
560  5.0889881e-02
561  5.0603156e-02
562  5.0318146e-02
563  5.0028902e-02
564  4.9739419e-02
565  4.9447739e-02
566  4.9155849e-02
567  4.8859854e-02
568  4.8565637e-02
569  4.8267370e-02
570  4.7968964e-02
571  4.7668502e-02
572  4.7366011e-02
573  4.7065338e-02
574  4.6762661e-02
575  4.6459906e-02
576  4.6157077e-02
577  4.5850414e-02
578  4.5545593e-02
579  4.5240730e-02
580  4.4935832e-02
581  4.4627187e-02
582  4.4322246e-02
583  4.4015441e-02
584  4.3710475e-02
585  4.3403667e-02
586  4.3098696e-02
587  4.2793728e-02
588  4.2488768e-02
589  4.2183821e-02
590  4.1878892e-02
591  4.1575783e-02
592  4.1274479e-02
593  4.0971401e-02
594  4.0670127e-02
595  4.0368872e-02
596  4.0069407e-02
597  3.9773479e-02
598  3.9479303e-02
599  3.9185118e-02
600  3.8890931e-02
601  3.8600218e-02
602  3.8309488e-02
603  3.8018747e-02
604  3.7733157e-02
605  3.7447531e-02
606  3.7165290e-02
607  3.6881298e-02
608  3.6602364e-02
609  3.6325061e-02
610  3.6049377e-02
611  3.5776981e-02
612  3.5506170e-02
613  3.5235264e-02
614  3.4970924e-02
615  3.4706455e-02
616  3.4443518e-02
617  3.4185395e-02
618  3.3930403e-02
619  3.3675241e-02
620  3.3424809e-02
621  3.3175814e-02
622  3.2929867e-02
623  3.2688558e-02
624  3.2447013e-02
625  3.2210057e-02
626  3.1976048e-02
627  3.1744961e-02
628  3.1516773e-02
629  3.1293044e-02
630  3.1068994e-02
631  3.0849357e-02
632  3.0635664e-02
633  3.0421600e-02
634  3.0213414e-02
635  3.0007943e-02
636  2.9803613e-02
637  2.9603508e-02
638  2.9407592e-02
639  2.9214292e-02
640  2.9025118e-02
641  2.8840035e-02
642  2.8655962e-02
643  2.8475928e-02
644  2.8301410e-02
645  2.8127836e-02
646  2.7958207e-02
647  2.7793986e-02
648  2.7630645e-02
649  2.7471156e-02
650  2.7316970e-02
651  2.7165082e-02
652  2.7015471e-02
653  2.6872534e-02
654  2.6730343e-02
655  2.6590356e-02
656  2.6456929e-02
657  2.6325643e-02
658  2.6196482e-02
659  2.6073760e-02
660  2.5953101e-02
661  2.5835924e-02
662  2.5722199e-02
663  2.5611896e-02
664  2.5503562e-02
665  2.5400020e-02
666  2.5298399e-02
667  2.5201502e-02
668  2.5106478e-02
669  2.5016113e-02
670  2.4927574e-02
671  2.4843630e-02
672  2.4761465e-02
673  2.4683833e-02
674  2.4609315e-02
675  2.4536506e-02
676  2.4468139e-02
677  2.4401437e-02
678  2.4339117e-02
679  2.4278417e-02
680  2.4222040e-02
681  2.4168595e-02
682  2.4118056e-02
683  2.4070400e-02
684  2.4024259e-02
685  2.3980960e-02
686  2.3940477e-02
687  2.3904116e-02
688  2.3869190e-02
689  2.3837010e-02
690  2.3806234e-02
691  2.3779478e-02
692  2.3754087e-02
693  2.3732663e-02
694  2.3711264e-02
695  2.3695085e-02
696  2.3680197e-02
697  2.3666588e-02
698  2.3655536e-02
699  2.3647018e-02
700  2.3641013e-02
701  2.3636223e-02
702  2.3633911e-02
703  2.3634056e-02
704  2.3635370e-02
705  2.3636582e-02
706  2.3642728e-02
707  2.3647490e-02
708  2.3657137e-02
709  2.3666636e-02
710  2.3678477e-02
711  2.3691399e-02
712  2.3706630e-02
713  2.3724152e-02
714  2.3740252e-02
715  2.3758624e-02
716  2.3779249e-02
717  2.3799667e-02
718  2.3822313e-02
719  2.3845955e-02
720  2.3869375e-02
721  2.3896193e-02
722  2.3921569e-02
723  2.3949113e-02
724  2.3976415e-02
725  2.4005862e-02
726  2.4036247e-02
727  2.4066375e-02
728  2.4096246e-02
729  2.4128225e-02
730  2.4158761e-02
731  2.4192563e-02
732  2.4224919e-02
733  2.4259344e-02
734  2.4292328e-02
735  2.4327365e-02
736  2.4359807e-02
737  2.4394293e-02
738  2.4428504e-02
739  2.4462440e-02
740  2.4496104e-02
741  2.4530640e-02
742  2.4564902e-02
743  2.4598890e-02
744  2.4633741e-02
745  2.4667186e-02
746  2.4699236e-02
747  2.4732151e-02
748  2.4764802e-02
749  2.4797191e-02
750  2.4829319e-02
751  2.4860076e-02
752  2.4890582e-02
753  2.4920838e-02
754  2.4949743e-02
755  2.4979509e-02
756  2.5006834e-02
757  2.5035023e-02
758  2.5059700e-02
759  2.5086340e-02
760  2.5110579e-02
761  2.5134605e-02
762  2.5158418e-02
763  2.5179865e-02
764  2.5200039e-02
765  2.5220021e-02
766  2.5238744e-02
767  2.5256217e-02
768  2.5272450e-02
769  2.5288513e-02
770  2.5302291e-02
771  2.5314857e-02
772  2.5326220e-02
773  2.5336390e-02
774  2.5344328e-02
775  2.5353186e-02
776  2.5357745e-02
777  2.5362197e-02
778  2.5366543e-02
779  2.5367681e-02
780  2.5367698e-02
781  2.5366603e-02
782  2.5363379e-02
783  2.5360088e-02
784  2.5353670e-02
785  2.5346183e-02
786  2.5337636e-02
787  2.5326012e-02
788  2.5313355e-02
789  2.5298664e-02
790  2.5283966e-02
791  2.5267257e-02
792  2.5247549e-02
793  2.5226863e-02
794  2.5204210e-02
795  2.5178613e-02
796  2.5154055e-02
797  2.5125589e-02
798  2.5096201e-02
799  2.5064916e-02
800  2.5032728e-02
801  2.4997688e-02
802  2.4959819e-02
803  2.4923033e-02
804  2.4882470e-02
805  2.4841063e-02
806  2.4797853e-02
807  2.4751890e-02
808  2.4704155e-02
809  2.4655622e-02
810  2.4604384e-02
811  2.4551415e-02
812  2.4496729e-02
813  2.4441287e-02
814  2.4384150e-02
815  2.4324385e-02
816  2.4262012e-02
817  2.4198931e-02
818  2.4135148e-02
819  2.4068797e-02
820  2.4001764e-02
821  2.3931262e-02
822  2.3860103e-02
823  2.3787366e-02
824  2.3711214e-02
825  2.3635362e-02
826  2.3557047e-02
827  2.3476289e-02
828  2.3395852e-02
829  2.3312994e-02
830  2.3228646e-02
831  2.3142819e-02
832  2.3055523e-02
833  2.2966771e-02
834  2.2875670e-02
835  2.2784040e-02
836  2.2690088e-02
837  2.2595625e-02
838  2.2498865e-02
839  2.2400720e-02
840  2.2302088e-02
841  2.2201200e-02
842  2.2098957e-02
843  2.1996253e-02
844  2.1891330e-02
845  2.1785084e-02
846  2.1679279e-02
847  2.1571287e-02
848  2.1462872e-02
849  2.1351424e-02
850  2.1241310e-02
851  2.1128187e-02
852  2.1014671e-02
853  2.0899905e-02
854  2.0783896e-02
855  2.0666656e-02
856  2.0549906e-02
857  2.0431080e-02
858  2.0311048e-02
859  2.0189817e-02
860  2.0069094e-02
861  1.9947184e-02
862  1.9824096e-02
863  1.9700682e-02
864  1.9576104e-02
865  1.9449532e-02
866  1.9325166e-02
867  1.9197982e-02
868  1.9071331e-02
869  1.8943551e-02
870  1.8814648e-02
871  1.8686287e-02
872  1.8556813e-02
873  1.8427060e-02
874  1.8297030e-02
875  1.8166726e-02
876  1.8034515e-02
877  1.7904491e-02
878  1.7772569e-02
879  1.7640389e-02
880  1.7508763e-02
881  1.7376071e-02
882  1.7243935e-02
883  1.7111548e-02
884  1.6978109e-02
885  1.6845229e-02
886  1.6712105e-02
887  1.6578740e-02
888  1.6446729e-02
889  1.6312093e-02
890  1.6178812e-02
891  1.6046878e-02
892  1.5913917e-02
893  1.5780724e-02
894  1.5648872e-02
895  1.5516001e-02
896  1.5383685e-02
897  1.5251139e-02
898  1.5119923e-02
899  1.4989253e-02
900  1.4857575e-02
901  1.4727218e-02
902  1.4597402e-02
903  1.4466585e-02
904  1.4337846e-02
905  1.4208108e-02
906  1.4079672e-02
907  1.3951766e-02
908  1.3825151e-02
909  1.3699059e-02
910  1.3571971e-02
911  1.3446164e-02
912  1.3321630e-02
913  1.3195350e-02
914  1.3071844e-02
915  1.2948846e-02
916  1.2826354e-02
917  1.2704364e-02
918  1.2583619e-02
919  1.2464113e-02
920  1.2344355e-02
921  1.2226566e-02
922  1.2108521e-02
923  1.1991695e-02
924  1.1875345e-02
925  1.1760937e-02
926  1.1646996e-02
927  1.1533518e-02
928  1.1421959e-02
929  1.1310126e-02
930  1.1200199e-02
931  1.1090717e-02
932  1.0983124e-02
933  1.0875967e-02
934  1.0769962e-02
935  1.0665103e-02
936  1.0561384e-02
937  1.0458083e-02
938  1.0356624e-02
939  1.0256286e-02
940  1.0156351e-02
941  1.0058234e-02
942  9.9605108e-03
943  9.8652966e-03
944  9.7704630e-03
945  9.6767112e-03
946  9.5847363e-03
947  9.4931279e-03
948  9.4025828e-03
949  9.3137916e-03
950  9.2267441e-03
951  9.1400417e-03
952  9.0550680e-03
953  8.9711216e-03
954  8.8888862e-03
955  8.8069752e-03
956  8.7267607e-03
957  8.6482326e-03
958  8.5700130e-03
959  8.4941480e-03
960  8.4192613e-03
961  8.3446675e-03
962  8.2724001e-03
963  8.2010915e-03
964  8.1314114e-03
965  8.0626763e-03
966  7.9955534e-03
967  7.9286907e-03
968  7.8634266e-03
969  7.8004202e-03
970  7.7376566e-03
971  7.6764663e-03
972  7.6161755e-03
973  7.5574420e-03
974  7.5002568e-03
975  7.4439503e-03
976  7.3891765e-03
977  7.3359262e-03
978  7.2828781e-03
979  7.2319959e-03
980  7.1819596e-03
981  7.1334166e-03
982  7.0857070e-03
983  7.0394759e-03
984  6.9940661e-03
985  6.9507669e-03
986  6.9076287e-03
987  6.8652953e-03
988  6.8250481e-03
989  6.7862329e-03
990  6.7482008e-03
991  6.7109475e-03
992  6.6751062e-03
993  6.6400321e-03
994  6.6063561e-03
995  6.5740700e-03
996  6.5425328e-03
997  6.5123718e-03
998  6.4829486e-03
999  6.4542590e-03
1000  6.4275542e-03
1001  6.4009431e-03
1002  6.3756757e-03
1003  6.3511203e-03
1004  6.3285180e-03
1005  6.3066145e-03
1006  6.2860260e-03
1007  6.2655067e-03
1008  6.2444387e-03
1009  6.2259079e-03
1010  6.2086690e-03
1011  6.1914860e-03
1012  6.1755845e-03
1013  6.1609571e-03
1014  6.1469858e-03
1015  6.1330576e-03
1016  6.1203884e-03
1017  6.1089710e-03
1018  6.0975866e-03
1019  6.0874441e-03
1020  6.0779329e-03
1021  6.0696516e-03
1022  6.0613910e-03
1023  6.0543508e-03
1024  6.0473264e-03
1025  6.0415128e-03
1026  6.0374993e-03
1027  6.0322997e-03
1028  6.0277029e-03
1029  6.0242982e-03
1030  6.0214870e-03
1031  6.0180849e-03
1032  6.0164528e-03
1033  6.0148157e-03
1034  6.0143479e-03
1035  6.0138708e-03
1036  6.0139691e-03
1037  6.0146396e-03
1038  6.0158789e-03
1039  6.0176839e-03
1040  6.0194707e-03
1041  6.0218189e-03
1042  6.0247251e-03
1043  6.0276091e-03
1044  6.0316229e-03
1045  6.0356103e-03
1046  6.0395715e-03
1047  6.0446518e-03
1048  6.0491302e-03
1049  6.0541510e-03
1050  6.0591417e-03
1051  6.0646708e-03
1052  6.0707351e-03
1053  6.0767655e-03
1054  6.0821971e-03
1055  6.0881611e-03
1056  6.0946546e-03
1057  6.1016745e-03
1058  6.1092178e-03
1059  6.1161621e-03
1060  6.1230693e-03
1061  6.1304972e-03
1062  6.1378864e-03
1063  6.1441259e-03
1064  6.1514400e-03
1065  6.1592694e-03
1066  6.1659537e-03
1067  6.1737050e-03
1068  6.1808661e-03
1069  6.1879897e-03
1070  6.1956241e-03
1071  6.2026721e-03
1072  6.2096829e-03
1073  6.2172022e-03
1074  6.2241384e-03
1075  6.2310382e-03
1076  6.2379016e-03
1077  6.2447287e-03
1078  6.2509797e-03
1079  6.2571968e-03
1080  6.2633802e-03
1081  6.2689928e-03
1082  6.2751102e-03
1083  6.2806591e-03
1084  6.2861769e-03
1085  6.2911305e-03
1086  6.2965875e-03
1087  6.3009512e-03
1088  6.3052883e-03
1089  6.3095988e-03
1090  6.3133546e-03
1091  6.3176134e-03
1092  6.3213196e-03
1093  6.3244762e-03
1094  6.3265618e-03
1095  6.3291527e-03
1096  6.3317236e-03
1097  6.3332315e-03
1098  6.3352440e-03
1099  6.3361992e-03
1100  6.3371405e-03
1101  6.3380679e-03
1102  6.3389816e-03
1103  6.3383336e-03
1104  6.3381925e-03
1105  6.3370134e-03
1106  6.3363414e-03
1107  6.3346369e-03
1108  6.3329283e-03
1109  6.3301947e-03
1110  6.3274607e-03
1111  6.3242177e-03
1112  6.3209761e-03
1113  6.3172292e-03
1114  6.3124739e-03
1115  6.3082304e-03
1116  6.3029839e-03
1117  6.2977460e-03
1118  6.2915124e-03
1119  6.2857923e-03
1120  6.2785812e-03
1121  6.2718854e-03
1122  6.2642062e-03
1123  6.2560466e-03
1124  6.2479061e-03
1125  6.2387926e-03
1126  6.2297016e-03
1127  6.2201388e-03
1128  6.2101067e-03
1129  6.2001003e-03
1130  6.1886448e-03
1131  6.1777108e-03
1132  6.1658259e-03
1133  6.1534844e-03
1134  6.1411767e-03
1135  6.1279282e-03
1136  6.1147168e-03
1137  6.1010568e-03
1138  6.0869506e-03
1139  6.0724006e-03
1140  6.0574091e-03
1141  6.0419787e-03
1142  6.0261116e-03
1143  6.0102908e-03
1144  5.9930770e-03
1145  5.9763930e-03
1146  5.9588020e-03
1147  5.9412632e-03
1148  5.9228238e-03
1149  5.9044395e-03
1150  5.8856355e-03
1151  5.8668879e-03
1152  5.8467773e-03
1153  5.8271998e-03
1154  5.8072100e-03
1155  5.7868100e-03
1156  5.7655323e-03
1157  5.7443195e-03
1158  5.7227031e-03
1159  5.7011527e-03
1160  5.6787350e-03
1161  5.6563860e-03
1162  5.6331756e-03
1163  5.6100366e-03
1164  5.5869688e-03
1165  5.5635092e-03
1166  5.5391984e-03
1167  5.5149626e-03
1168  5.4908017e-03
1169  5.4662559e-03
1170  5.4413274e-03
1171  5.4160181e-03
1172  5.3907872e-03
1173  5.3651782e-03
1174  5.3391930e-03
1175  5.3132885e-03
1176  5.2865564e-03
1177  5.2603606e-03
1178  5.2333412e-03
1179  5.2068575e-03
1180  5.1795543e-03
1181  5.1527861e-03
1182  5.1252023e-03
1183  5.0977044e-03
1184  5.0698441e-03
1185  5.0420706e-03
1186  5.0139371e-03
1187  4.9863367e-03
1188  4.9579325e-03
1189  4.9296167e-03
1190  4.9013890e-03
1191  4.8728066e-03
1192  4.8443130e-03
1193  4.8154670e-03
1194  4.7867107e-03
1195  4.7584835e-03
1196  4.7290273e-03
1197  4.7005390e-03
1198  4.6717019e-03
1199  4.6425176e-03
1200  4.6134240e-03
1201  4.5848561e-03
1202  4.5555077e-03
1203  4.5266843e-03
1204  4.4975172e-03
1205  4.4684407e-03
1206  4.4394543e-03
1207  4.4109887e-03
1208  4.3821809e-03
1209  4.3530329e-03
1210  4.3244040e-03
1211  4.2954355e-03
1212  4.2670695e-03
1213  4.2383645e-03
1214  4.2100890e-03
1215  4.1818582e-03
1216  4.1537145e-03
1217  4.1250218e-03
1218  4.0970525e-03
1219  4.0688735e-03
1220  4.0410344e-03
1221  4.0133231e-03
1222  3.9856971e-03
1223  3.9581139e-03
1224  3.9306575e-03
1225  3.9035363e-03
1226  3.8765402e-03
1227  3.8499186e-03
1228  3.8230872e-03
1229  3.7966289e-03
1230  3.7696290e-03
1231  3.7432918e-03
1232  3.7170765e-03
1233  3.6915606e-03
1234  3.6657927e-03
1235  3.6413382e-03
1236  3.6163415e-03
1237  3.5914208e-03
1238  3.5668627e-03
1239  3.5423790e-03
1240  3.5180105e-03
1241  3.4942866e-03
1242  3.4703495e-03
1243  3.4467694e-03
1244  3.4235445e-03
1245  3.4007543e-03
1246  3.3779923e-03
1247  3.3552989e-03
1248  3.3329560e-03
1249  3.3110022e-03
1250  3.2894359e-03
1251  3.2679342e-03
1252  3.2470576e-03
1253  3.2259636e-03
1254  3.2052521e-03
1255  3.1848815e-03
1256  3.1651686e-03
1257  3.1455144e-03
1258  3.1259186e-03
1259  3.1066583e-03
1260  3.0878111e-03
1261  3.0692566e-03
1262  3.0510724e-03
1263  3.0332567e-03
1264  3.0154936e-03
1265  2.9983320e-03
1266  2.9812600e-03
1267  2.9645120e-03
1268  2.9481644e-03
1269  2.9321375e-03
1270  2.9163910e-03
1271  2.9009625e-03
1272  2.8858116e-03
1273  2.8708984e-03
1274  2.8563766e-03
1275  2.8421285e-03
1276  2.8281915e-03
1277  2.8145641e-03
1278  2.8012065e-03
1279  2.7882326e-03
1280  2.7755257e-03
1281  2.7631611e-03
1282  2.7510992e-03
1283  2.7393384e-03
1284  2.7279155e-03
1285  2.7167530e-03
1286  2.7058877e-03
1287  2.6953560e-03
1288  2.6851187e-03
1289  2.6751744e-03
1290  2.6655595e-03
1291  2.6561971e-03
1292  2.6471615e-03
1293  2.6383759e-03
1294  2.6299517e-03
1295  2.6217751e-03
1296  2.6138821e-03
1297  2.6062717e-03
1298  2.5989424e-03
1299  2.5918558e-03
1300  2.5851223e-03
1301  2.5786661e-03
1302  2.5724118e-03
1303  2.5664695e-03
1304  2.5607639e-03
1305  2.5553677e-03
1306  2.5501323e-03
1307  2.5452407e-03
1308  2.5406179e-03
1309  2.5361528e-03
1310  2.5319911e-03
1311  2.5280583e-03
1312  2.5244628e-03
1313  2.5209846e-03
1314  2.5178049e-03
1315  2.5147773e-03
1316  2.5120459e-03
1317  2.5095371e-03
1318  2.5071776e-03
1319  2.5050750e-03
1320  2.5031560e-03
1321  2.5014199e-03
1322  2.4999017e-03
1323  2.4986004e-03
1324  2.4974793e-03
1325  2.4965376e-03
1326  2.4958101e-03
1327  2.4951889e-03
1328  2.4948159e-03
1329  2.4945835e-03
1330  2.4944909e-03
1331  2.4946084e-03
1332  2.4948289e-03
1333  2.4952580e-03
1334  2.4957888e-03
1335  2.4964561e-03
1336  2.4972945e-03
1337  2.4982330e-03
1338  2.4993062e-03
1339  2.5005135e-03
1340  2.5018542e-03
1341  2.5032580e-03
1342  2.5047943e-03
1343  2.5064625e-03
1344  2.5082272e-03
1345  2.5100186e-03
1346  2.5119406e-03
1347  2.5139925e-03
1348  2.5160701e-03
1349  2.5182768e-03
1350  2.5205086e-03
1351  2.5228343e-03
1352  2.5251847e-03
1353  2.5276283e-03
1354  2.5300620e-03
1355  2.5326225e-03
1356  2.5352410e-03
1357  2.5378831e-03
1358  2.5404806e-03
1359  2.5431698e-03
1360  2.5457804e-03
1361  2.5485162e-03
1362  2.5511735e-03
1363  2.5538879e-03
1364  2.5565240e-03
1365  2.5594531e-03
1366  2.5621016e-03
1367  2.5647732e-03
1368  2.5676691e-03
1369  2.5703194e-03
1370  2.5729591e-03
1371  2.5755885e-03
1372  2.5782074e-03
1373  2.5808160e-03
1374  2.5834143e-03
1375  2.5860355e-03
1376  2.5886132e-03
1377  2.5912139e-03
1378  2.5937711e-03
1379  2.5960872e-03
1380  2.5983937e-03
1381  2.6007239e-03
1382  2.6025185e-03
1383  2.6047977e-03
1384  2.6066087e-03
1385  2.6083790e-03
1386  2.6101741e-03
1387  2.6117003e-03
1388  2.6137083e-03
1389  2.6152196e-03
1390  2.6164963e-03
1391  2.6179939e-03
1392  2.6192576e-03
1393  2.6205150e-03
1394  2.6215076e-03
1395  2.6224947e-03
1396  2.6235085e-03
1397  2.6242593e-03
1398  2.6247483e-03
1399  2.6252333e-03
1400  2.6257462e-03
1401  2.6259990e-03
1402  2.6262485e-03
1403  2.6262394e-03
1404  2.6260047e-03
1405  2.6260224e-03
1406  2.6255293e-03
1407  2.6248129e-03
1408  2.6245710e-03
1409  2.6236313e-03
1410  2.6228811e-03
1411  2.6219412e-03
1412  2.6207494e-03
1413  2.6190867e-03
1414  2.6176458e-03
1415  2.6159869e-03
1416  2.6143301e-03
1417  2.6122062e-03
1418  2.6100858e-03
1419  2.6077193e-03
1420  2.6053880e-03
1421  2.6027808e-03
1422  2.6002094e-03
1423  2.5971776e-03
1424  2.5943685e-03
1425  2.5911008e-03
1426  2.5876237e-03
1427  2.5843696e-03
1428  2.5806602e-03
1429  2.5767126e-03
1430  2.5728043e-03
1431  2.5686591e-03
1432  2.5642780e-03
1433  2.5601512e-03
1434  2.5555755e-03
1435  2.5507660e-03
1436  2.5459675e-03
1437  2.5407238e-03
1438  2.5354921e-03
1439  2.5300603e-03
1440  2.5246109e-03
1441  2.5189625e-03
1442  2.5130857e-03
1443  2.5070117e-03
1444  2.5009220e-03
1445  2.4944258e-03
1446  2.4881553e-03
1447  2.4812101e-03
1448  2.4745212e-03
1449  2.4676092e-03
1450  2.4605049e-03
1451  2.4533879e-03
1452  2.4458713e-03
1453  2.4383433e-03
1454  2.4308336e-03
1455  2.4231347e-03
1456  2.4152177e-03
1457  2.4068764e-03
1458  2.3987625e-03
1459  2.3904621e-03
1460  2.3819466e-03
1461  2.3734521e-03
1462  2.3647436e-03
1463  2.3556459e-03
1464  2.3467467e-03
1465  2.3374600e-03
1466  2.3284009e-03
1467  2.3189267e-03
1468  2.3094761e-03
1469  2.3000492e-03
1470  2.2899774e-03
1471  2.2803661e-03
1472  2.2705469e-03
1473  2.2605498e-03
1474  2.2501442e-03
1475  2.2399667e-03
1476  2.2296129e-03
1477  2.2192564e-03
1478  2.2087246e-03
1479  2.1982193e-03
1480  2.1875110e-03
1481  2.1766292e-03
1482  2.1658033e-03
1483  2.1548334e-03
1484  2.1438625e-03
1485  2.1327199e-03
1486  2.1215200e-03
1487  2.1102347e-03
1488  2.0989495e-03
1489  2.0874944e-03
1490  2.0760116e-03
1491  2.0644729e-03
1492  2.0529069e-03
1493  2.0412573e-03
1494  2.0295246e-03
1495  2.0177652e-03
1496  2.0059512e-03
1497  1.9940830e-03
1498  1.9822166e-03
1499  1.9702683e-03
1500  1.9582943e-03
1501  1.9462668e-03
1502  1.9342418e-03
1503  1.9221636e-03
1504  1.9100604e-03
1505  1.8979321e-03
1506  1.8857789e-03
1507  1.8736287e-03
1508  1.8614538e-03
1509  1.8492544e-03
1510  1.8370581e-03
1511  1.8248099e-03
1512  1.8125925e-03
1513  1.8003509e-03
1514  1.7881401e-03
1515  1.7759599e-03
1516  1.7637557e-03
1517  1.7515548e-03
1518  1.7393844e-03
1519  1.7271902e-03
1520  1.7150809e-03
1521  1.7029204e-03
1522  1.6907905e-03
1523  1.6787180e-03
1524  1.6666216e-03
1525  1.6545825e-03
1526  1.6425735e-03
1527  1.6306214e-03
1528  1.6186723e-03
1529  1.6067799e-03
1530  1.5949172e-03
1531  1.5831109e-03
1532  1.5713608e-03
1533  1.5596133e-03
1534  1.5479751e-03
1535  1.5363659e-03
1536  1.5247856e-03
1537  1.5133138e-03
1538  1.5018971e-03
1539  1.4904558e-03
1540  1.4791488e-03
1541  1.4678963e-03
1542  1.4567246e-03
1543  1.4455805e-03
1544  1.4345168e-03
1545  1.4235594e-03
1546  1.4126292e-03
1547  1.4018047e-03
1548  1.3910594e-03
1549  1.3803930e-03
1550  1.3698314e-03
1551  1.3593219e-03
1552  1.3489426e-03
1553  1.3385890e-03
1554  1.3283648e-03
1555  1.3182178e-03
1556  1.3081735e-03
1557  1.2982058e-03
1558  1.2883401e-03
1559  1.2786020e-03
1560  1.2689394e-03
1561  1.2593263e-03
1562  1.2498140e-03
1563  1.2404277e-03
1564  1.2311414e-03
1565  1.2219804e-03
1566  1.2129186e-03
1567  1.2039045e-03
1568  1.1950401e-03
1569  1.1862993e-03
1570  1.1776307e-03
1571  1.1691105e-03
1572  1.1606618e-03
1573  1.1523097e-03
1574  1.1441300e-03
1575  1.1360208e-03
1576  1.1280323e-03
1577  1.1201641e-03
1578  1.1123907e-03
1579  1.1047619e-03
1580  1.0972270e-03
1581  1.0897856e-03
1582  1.0824876e-03
1583  1.0752573e-03
1584  1.0681946e-03
1585  1.0611987e-03
1586  1.0543445e-03
1587  1.0476314e-03
1588  1.0410090e-03
1589  1.0345019e-03
1590  1.0280849e-03
1591  1.0218320e-03
1592  1.0156684e-03
1593  1.0096183e-03
1594  1.0036815e-03
1595  9.9788224e-04
1596  9.9219529e-04
1597  9.8659565e-04
1598  9.8113219e-04
1599  9.7577986e-04
1600  9.7053824e-04
1601  9.6540695e-04
1602  9.6036110e-04
1603  9.5547370e-04
1604  9.5069537e-04
1605  9.4600132e-04
1606  9.4143995e-04
1607  9.3696213e-04
1608  9.3261615e-04
1609  9.2837726e-04
1610  9.2426930e-04
1611  9.2021920e-04
1612  9.1632343e-04
1613  9.1248488e-04
1614  9.0877565e-04
1615  9.0519528e-04
1616  9.0167116e-04
1617  8.9827514e-04
1618  8.9495878e-04
1619  8.9172179e-04
1620  8.8863566e-04
1621  8.8565206e-04
1622  8.8274674e-04
1623  8.7991942e-04
1624  8.7719362e-04
1625  8.7459276e-04
1626  8.7204514e-04
1627  8.6959799e-04
1628  8.6722728e-04
1629  8.6495638e-04
1630  8.6278493e-04
1631  8.6066537e-04
1632  8.5866823e-04
1633  8.5674598e-04
1634  8.5494538e-04
1635  8.5317203e-04
1636  8.5149622e-04
1637  8.4989416e-04
1638  8.4834219e-04
1639  8.4691025e-04
1640  8.4555120e-04
1641  8.4421816e-04
1642  8.4300419e-04
1643  8.4183906e-04
1644  8.4072262e-04
1645  8.3967788e-04
1646  8.3870459e-04
1647  8.3780249e-04
1648  8.3697132e-04
1649  8.3618774e-04
1650  8.3547463e-04
1651  8.3480871e-04
1652  8.3418981e-04
1653  8.3364074e-04
1654  8.3313829e-04
1655  8.3270523e-04
1656  8.3229550e-04
1657  8.3193190e-04
1658  8.3163709e-04
1659  8.3138802e-04
1660  8.3113895e-04
1661  8.3098091e-04
1662  8.3082266e-04
1663  8.3073230e-04
1664  8.3066424e-04
1665  8.3064104e-04
1666  8.3063993e-04
1667  8.3068341e-04
1668  8.3077134e-04
1669  8.3085845e-04
1670  8.3096728e-04
1671  8.3114272e-04
1672  8.3133961e-04
1673  8.3151300e-04
1674  8.3175261e-04
1675  8.3196867e-04
1676  8.3225069e-04
1677  8.3253144e-04
1678  8.3281094e-04
1679  8.3311145e-04
1680  8.3343291e-04
1681  8.3377524e-04
1682  8.3409397e-04
1683  8.3445569e-04
1684  8.3481596e-04
1685  8.3517480e-04
1686  8.3555428e-04
1687  8.3591022e-04
1688  8.3630880e-04
1689  8.3666183e-04
1690  8.3701344e-04
1691  8.3738560e-04
1692  8.3775629e-04
1693  8.3810361e-04
1694  8.3844953e-04
1695  8.3879405e-04
1696  8.3913717e-04
1697  8.3943530e-04
1698  8.3975392e-04
1699  8.4004945e-04
1700  8.4034371e-04
1701  8.4059330e-04
1702  8.4086339e-04
1703  8.4111062e-04
1704  8.4131343e-04
1705  8.4151520e-04
1706  8.4169433e-04
1707  8.4187247e-04
1708  8.4200657e-04
1709  8.4211827e-04
1710  8.4220767e-04
1711  8.4227483e-04
1712  8.4231983e-04
1713  8.4234275e-04
1714  8.4232230e-04
1715  8.4225863e-04
1716  8.4219453e-04
1717  8.4210871e-04
1718  8.4195869e-04
1719  8.4178720e-04
1720  8.4159431e-04
1721  8.4138010e-04
1722  8.4112347e-04
1723  8.4082456e-04
1724  8.4048352e-04
1725  8.4012161e-04
1726  8.3971781e-04
1727  8.3929333e-04
1728  8.3880618e-04
1729  8.3831960e-04
1730  8.3774965e-04
1731  8.3715950e-04
1732  8.3652829e-04
1733  8.3585616e-04
1734  8.3514326e-04
1735  8.3438972e-04
1736  8.3359569e-04
1737  8.3276131e-04
1738  8.3188671e-04
1739  8.3099282e-04
1740  8.3003820e-04
1741  8.2906451e-04
1742  8.2800974e-04
1743  8.2693617e-04
1744  8.2582322e-04
1745  8.2467104e-04
1746  8.2345915e-04
1747  8.2222892e-04
1748  8.2091877e-04
1749  8.1959054e-04
1750  8.1820329e-04
1751  8.1677771e-04
1752  8.1531394e-04
1753  8.1381211e-04
1754  8.1227235e-04
1755  8.1067440e-04
1756  8.0905919e-04
1757  8.0738612e-04
1758  8.0565536e-04
1759  8.0390773e-04
1760  8.0210272e-04
1761  8.0026080e-04
1762  7.9838209e-04
1763  7.9646671e-04
1764  7.9451480e-04
1765  7.9250633e-04
1766  7.9046162e-04
1767  7.8838081e-04
1768  7.8624393e-04
1769  7.8409131e-04
1770  7.8188292e-04
1771  7.7965899e-04
1772  7.7737958e-04
1773  7.7506486e-04
1774  7.7271496e-04
1775  7.7033000e-04
1776  7.6791010e-04
1777  7.6543549e-04
1778  7.6294610e-04
1779  7.6040229e-04
1780  7.5784390e-04
1781  7.5527097e-04
1782  7.5262423e-04
1783  7.4994345e-04
1784  7.4728794e-04
1785  7.4455907e-04
1786  7.4179646e-04
1787  7.3901990e-04
1788  7.3620980e-04
1789  7.3336628e-04
1790  7.3048945e-04
1791  7.2759901e-04
1792  7.2467545e-04
1793  7.2171889e-04
1794  7.1874896e-04
1795  7.1576571e-04
1796  7.1269131e-04
1797  7.0966220e-04
1798  7.0660053e-04
1799  7.0348702e-04
1800  7.0037999e-04
1801  6.9726006e-04
1802  6.9414662e-04
1803  6.9096239e-04
1804  6.8776549e-04
1805  6.8455597e-04
1806  6.8135314e-04
1807  6.7809928e-04
1808  6.7485219e-04
1809  6.7159268e-04
1810  6.6832079e-04
1811  6.6499827e-04
1812  6.6170179e-04
1813  6.5839308e-04
1814  6.5505309e-04
1815  6.5173912e-04
1816  6.4839397e-04
1817  6.4503676e-04
1818  6.4166754e-04
1819  6.3826738e-04
1820  6.3489326e-04
1821  6.3152616e-04
1822  6.2814715e-04
1823  6.2481296e-04
1824  6.2142907e-04
1825  6.1803337e-04
1826  6.1464473e-04
1827  6.1128195e-04
1828  6.0788857e-04
1829  6.0450225e-04
1830  6.0112295e-04
1831  5.9775068e-04
1832  5.9438541e-04
1833  5.9100843e-04
1834  5.8765712e-04
1835  5.8429412e-04
1836  5.8093810e-04
1837  5.7760764e-04
1838  5.7428408e-04
1839  5.7094883e-04
1840  5.6763904e-04
1841  5.6435463e-04
1842  5.6105851e-04
1843  5.5776920e-04
1844  5.5452363e-04
1845  5.5130322e-04
1846  5.4805260e-04
1847  5.4482710e-04
1848  5.4162664e-04
1849  5.3843279e-04
1850  5.3526387e-04
1851  5.3206482e-04
1852  5.2894560e-04
1853  5.2581451e-04
1854  5.2270814e-04
1855  5.1962640e-04
1856  5.1656923e-04
1857  5.1351834e-04
1858  5.1049191e-04
1859  5.0748986e-04
1860  5.0451212e-04
1861  5.0155862e-04
1862  4.9864739e-04
1863  4.9570593e-04
1864  4.9284279e-04
1865  4.8998551e-04
1866  4.8715209e-04
1867  4.8434248e-04
1868  4.8155661e-04
1869  4.7881236e-04
1870  4.7607371e-04
1871  4.7335858e-04
1872  4.7070273e-04
1873  4.6805229e-04
1874  4.6544299e-04
1875  4.6285685e-04
1876  4.6029381e-04
1877  4.5777160e-04
1878  4.5525451e-04
1879  4.5277809e-04
1880  4.5034221e-04
1881  4.4794675e-04
1882  4.4555612e-04
1883  4.4322346e-04
1884  4.4091318e-04
1885  4.3862523e-04
1886  4.3635953e-04
1887  4.3413366e-04
1888  4.3196511e-04
1889  4.2980091e-04
1890  4.2767621e-04
1891  4.2559088e-04
1892  4.2352726e-04
1893  4.2148529e-04
1894  4.1949991e-04
1895  4.1753597e-04
1896  4.1561087e-04
1897  4.1372451e-04
1898  4.1185932e-04
1899  4.1003265e-04
1900  4.0822700e-04
1901  4.0645967e-04
1902  4.0473055e-04
1903  4.0302218e-04
1904  4.0138646e-04
1905  3.9973665e-04
1906  3.9812466e-04
1907  3.9656762e-04
1908  3.9503089e-04
1909  3.9353161e-04
1910  3.9205247e-04
1911  3.9062781e-04
1912  3.8922308e-04
1913  3.8785539e-04
1914  3.8650750e-04
1915  3.8521357e-04
1916  3.8392214e-04
1917  3.8268446e-04
1918  3.8146622e-04
1919  3.8030147e-04
1920  3.7913894e-04
1921  3.7801265e-04
1922  3.7693951e-04
1923  3.7586839e-04
1924  3.7481625e-04
1925  3.7383389e-04
1926  3.7285337e-04
1927  3.7189159e-04
1928  3.7099918e-04
1929  3.7010842e-04
1930  3.6923616e-04
1931  3.6843289e-04
1932  3.6763107e-04
1933  3.6684752e-04
1934  3.6609898e-04
1935  3.6538533e-04
1936  3.6468972e-04
1937  3.6401208e-04
1938  3.6336909e-04
1939  3.6276064e-04
1940  3.6215325e-04
1941  3.6159692e-04
1942  3.6104155e-04
1943  3.6052039e-04
1944  3.6003336e-04
1945  3.5954713e-04
1946  3.5909488e-04
1947  3.5864337e-04
1948  3.5824224e-04
1949  3.5784175e-04
1950  3.5747492e-04
1951  3.5712515e-04
1952  3.5679240e-04
1953  3.5649306e-04
1954  3.5619416e-04
1955  3.5591210e-04
1956  3.5564686e-04
1957  3.5546395e-04
1958  3.5519933e-04
1959  3.5500053e-04
1960  3.5480194e-04
1961  3.5461990e-04
1962  3.5445437e-04
1963  3.5430528e-04
1964  3.5417260e-04
1965  3.5407253e-04
1966  3.5395623e-04
1967  3.5387245e-04
1968  3.5377244e-04
1969  3.5372105e-04
1970  3.5363721e-04
1971  3.5360186e-04
1972  3.5355025e-04
1973  3.5351470e-04
1974  3.5351127e-04
1975  3.5349156e-04
1976  3.5348780e-04
1977  3.5349993e-04
1978  3.5349581e-04
1979  3.5352358e-04
1980  3.5355112e-04
1981  3.5356242e-04
1982  3.5360548e-04
1983  3.5364829e-04
1984  3.5369082e-04
1985  3.5373310e-04
1986  3.5379103e-04
1987  3.5383275e-04
1988  3.5389011e-04
1989  3.5394717e-04
1990  3.5400394e-04
1991  3.5406041e-04
1992  3.5410077e-04
1993  3.5415668e-04
1994  3.5421230e-04
1995  3.5428340e-04
1996  3.5433843e-04
1997  3.5437742e-04
1998  3.5443188e-04
1999  3.5448606e-04
2000  3.5452426e-04
2001  3.5456220e-04
2002  3.5459989e-04
2003  3.5463732e-04
2004  3.5467451e-04
2005  3.5468020e-04
2006  3.5471691e-04
2007  3.5470661e-04
2008  3.5472730e-04
2009  3.5473221e-04
2010  3.5470585e-04
2011  3.5469489e-04
2012  3.5466827e-04
2013  3.5462603e-04
2014  3.5459918e-04
2015  3.5454127e-04
2016  3.5449876e-04
2017  3.5442528e-04
2018  3.5435178e-04
2019  3.5426284e-04
2020  3.5417390e-04
2021  3.5406959e-04
2022  3.5394995e-04
2023  3.5379968e-04
2024  3.5366487e-04
2025  3.5349953e-04
2026  3.5334963e-04
2027  3.5318458e-04
2028  3.5297387e-04
2029  3.5277866e-04
2030  3.5255318e-04
2031  3.5232798e-04
2032  3.5208784e-04
2033  3.5183280e-04
2034  3.5157810e-04
2035  3.5127823e-04
2036  3.5097878e-04
2037  3.5067975e-04
2038  3.5033578e-04
2039  3.4999232e-04
2040  3.4964935e-04
2041  3.4927674e-04
2042  3.4888964e-04
2043  3.4847302e-04
2044  3.4807209e-04
2045  3.4764175e-04
2046  3.4721207e-04
2047  3.4675310e-04
2048  3.4626491e-04
2049  3.4577750e-04
